8.703 -2.895
3.688 -0.550
-2.247 -1.493
-2.634 -0.484
12.722 0.355
12.682 3.050
0.160 -0.329
-2.306 0.057
10.768 -0.089
1.179 1.387
10.920 -0.380
6.659 0.174
-6.041 2.914
8.956 -2.129
-2.632 0.238
0.548 -1.564
2.274 1.062
6.075 0.409
-6.792 1.334
7.401 -0.192
-3.559 -0.185
11.741 0.501
6.142 -3.702
1.205 1.174
11.801 -2.273
4.643 0.505
0.602 1.550
-3.475 -0.158
7.651 -0.889
-6.451 0.692
-2.519 -2.312
-0.737 3.174
-6.867 1.995
7.813 -1.557
8.906 -1.331
4.246 2.467
1.298 0.262
-4.995 0.006
1.917 2.860
11.918 0.295
-0.939 -0.391
3.605 -1.225
-2.869 -1.914
8.024 -4.264
-1.038 -0.920
12.266 4.110
3.128 -0.553
2.871 2.219
5.875 -3.046
-2.707 0.098
0.286 -0.537
-5.006 1.732
-4.105 -1.331
-5.039 0.268
-0.746 0.303
4.556 -0.177
3.063 3.090
0.748 0.512
-6.654 3.546
-1.998 2.054
-1.704 -0.537
-3.323 -1.658
6.899 -1.553
10.668 0.926
12.770 1.559
3.028 1.394
-7.459 5.159
6.949 -0.593
-0.324 -0.063
-2.684 1.199
8.803 -1.412
-5.983 -0.438
9.021 -0.097
4.555 -1.531
10.083 -0.891
9.307 -1.966
-3.737 2.310
5.948 -2.739
-1.703 0.530
-4.563 -0.921
-0.813 -0.608
0.646 0.664
7.737 -2.982
-2.100 1.722
9.607 0.328
-3.291 -0.504
-2.875 -0.486
9.504 -0.298
-2.384 -1.208
-1.059 0.811
9.533 -0.589
6.039 -0.098
6.149 -1.623
8.387 -3.665
11.313 -1.310
-4.316 1.050
-7.681 3.376
10.395 0.151
2.961 0.301
9.312 -1.557
-7.419 2.624
-3.758 -1.039
3.474 0.729
6.919 -1.227
-7.959 6.083
8.803 -2.568
0.783 2.765
-7.023 0.112
-7.580 3.949
-1.854 -0.376
11.318 0.428
6.825 -1.313
5.109 0.857
1.813 3.083
-0.929 -1.046
-7.929 3.843
-3.334 -0.145
2.451 1.412
4.061 3.753
0.028 -0.552
9.470 -1.815
3.416 2.813
-3.645 -0.104
-3.094 0.771
-2.817 -1.241
5.014 0.713
-1.746 -0.570
4.147 -1.048
-4.330 1.673
6.907 -1.808
5.757 0.474
-3.954 0.844
0.451 -0.594
-5.025 0.659
4.752 -1.545
7.457 -1.913
-7.369 1.721
8.502 -3.056
-4.887 0.379
0.632 0.886
7.343 -0.820
4.099 -0.155
10.012 -0.457
4.361 2.565
12.761 0.848
4.257 -1.192
4.902 -0.429
9.789 -1.943
-3.773 0.442
7.841 -3.709
-7.913 3.953
-7.717 3.586
-5.724 0.190
-2.881 0.428
1.653 0.840
-3.761 -1.055
10.006 0.162
6.205 -1.757
-1.080 0.368
3.134 1.227
2.311 0.428
-2.965 -1.917
-0.329 -0.208
-0.943 3.180
-4.489 -0.100
1.917 1.446
11.918 -0.325
-3.685 1.693
-6.785 0.250
-2.191 3.382
8.521 -3.270
9.671 -1.610
3.125 2.132
-7.416 2.010
7.239 -0.556
7.539 0.461
8.543 0.564
1.803 1.972
12.764 3.580
-1.496 0.864
-3.269 -3.860
6.610 -0.968
11.575 -1.258
3.256 -0.190
1.366 0.760
-3.291 -1.055
4.245 1.404
-6.395 3.832
-6.899 -0.327
-3.638 -0.638
11.735 0.151
12.530 2.217
1.828 -1.237
-4.114 0.371
9.994 -2.277
12.352 -0.550
4.221 0.894
1.187 -1.040
1.898 1.427
6.181 -2.502
